image: 910_191128.pgm
resolution: 0.050000
origin: [-5.125000, -7.475000, 0.000000]
negate: 0
occupied_thresh: 0.65
free_thresh: 0.196

